0.5	-0.75	-0.625	-0.5	-1.5	0.125	-1	-0.75	-1.25	0.125
-0.75	0.5	-0.375	-1.25	-2.5	-0.25	-0.75	-inf	-0.75	0.25
-0.625	-0.375	0.5	0.1875	-0.666667	0.15	-0.0833333	-2.25	0.25	0.125
-0.5	-1.25	0.1875	0.5	-0.25	0.166667	0	-1.25	0.166667	0
-1.5	-2.5	-0.666667	-0.25	0.5	-0.125	-0.25	-1.75	-0.5	-0.25
0.125	-0.25	0.15	0.166667	-0.125	0.5	0.25	-0.5	0.1875	0.125
-1	-0.75	-0.0833333	0	-0.25	0.25	0.5	-2.75	-0.0833333	-0.583333
-0.75	-inf	-2.25	-1.25	-1.75	-0.5	-2.75	0.5	-1.5	-2
-1.25	-0.75	0.25	0.166667	-0.5	0.1875	-0.0833333	-1.5	0.5	0.0833333
0.125	0.25	0.125	0	-0.25	0.125	-0.583333	-2	0.0833333	0.5
